,Australia,Canada,France,Germany,Japan,UK,US,,sigma,w
Australia,1,0.488,0.478,0.515,0.439,0.512,0.491,,0.16,0.016
Canada,0.488,1,0.664,0.655,0.31,0.608,0.779,,0.203,0.022
France,0.478,0.664,1,0.861,0.355,0.783,0.668,,0.248,0.052
Germany,0.515,0.655,0.861,1,0.354,0.777,0.653,,0.271,0.055
Japan,0.439,0.31,0.355,0.354,1,0.405,0.306,,0.21,0.116
UK,0.512,0.608,0.783,0.777,0.405,1,0.652,,0.2,0.124
US,0.491,0.779,0.668,0.653,0.306,0.652,1,,0.187,0.615
